(kicad_pcb (version 20171130) (host pcbnew "(5.1.4)-1")

  (general
    (thickness 1.6)
    (drawings 1502)
    (tracks 638)
    (zones 0)
    (modules 69)
    (nets 55)
  )

  (page A4)
  (layers
    (0 F.Cu signal)
    (31 B.Cu signal)
    (32 B.Adhes user)
    (33 F.Adhes user)
    (34 B.Paste user)
    (35 F.Paste user)
    (36 B.SilkS user)
    (37 F.SilkS user)
    (38 B.Mask user)
    (39 F.Mask user)
    (40 Dwgs.User user)
    (41 Cmts.User user)
    (42 Eco1.User user)
    (43 Eco2.User user)
    (44 Edge.Cuts user)
    (45 Margin user)
    (46 B.CrtYd user)
    (47 F.CrtYd user)
    (48 B.Fab user)
    (49 F.Fab user)
  )

  (setup
    (last_trace_width 0.3)
    (trace_clearance 0.199)
    (zone_clearance 0.255)
    (zone_45_only no)
    (trace_min 0.3)
    (via_size 0.8)
    (via_drill 0.4)
    (via_min_size 0.4)
    (via_min_drill 0.3)
    (uvia_size 0.3)
    (uvia_drill 0.1)
    (uvias_allowed no)
    (uvia_min_size 0.2)
    (uvia_min_drill 0.1)
    (edge_width 0.05)
    (segment_width 0.2)
    (pcb_text_width 0.3)
    (pcb_text_size 1.5 1.5)
    (mod_edge_width 0.12)
    (mod_text_size 1 1)
    (mod_text_width 0.15)
    (pad_size 0.42 1.38)
    (pad_drill 0)
    (pad_to_mask_clearance 0.051)
    (solder_mask_min_width 0.25)
    (aux_axis_origin 0 0)
    (grid_origin 86.36 63.5)
    (visible_elements 7FFFFFFF)
    (pcbplotparams
      (layerselection 0x010fc_ffffffff)
      (usegerberextensions false)
      (usegerberattributes false)
      (usegerberadvancedattributes false)
      (creategerberjobfile false)
      (excludeedgelayer true)
      (linewidth 0.100000)
      (plotframeref false)
      (viasonmask false)
      (mode 1)
      (useauxorigin false)
      (hpglpennumber 1)
      (hpglpenspeed 20)
      (hpglpendiameter 15.000000)
      (psnegative false)
      (psa4output false)
      (plotreference true)
      (plotvalue true)
      (plotinvisibletext false)
      (padsonsilk false)
      (subtractmaskfromsilk false)
      (outputformat 1)
      (mirror false)
      (drillshape 0)
      (scaleselection 1)
      (outputdirectory "tensigral_lamp_hardware_rev-"))
  )

  (net 0 "")
  (net 1 GND)
  (net 2 "Net-(D1-Pad2)")
  (net 3 "Net-(D1-Pad4)")
  (net 4 "Net-(D2-Pad2)")
  (net 5 "Net-(D4-Pad2)")
  (net 6 "Net-(D5-Pad2)")
  (net 7 "Net-(D6-Pad2)")
  (net 8 "Net-(D7-Pad2)")
  (net 9 "Net-(D8-Pad2)")
  (net 10 "Net-(D10-Pad4)")
  (net 11 "Net-(D10-Pad2)")
  (net 12 "Net-(D11-Pad2)")
  (net 13 "Net-(D12-Pad2)")
  (net 14 "Net-(D13-Pad2)")
  (net 15 "Net-(D14-Pad2)")
  (net 16 "Net-(D15-Pad2)")
  (net 17 "Net-(D16-Pad2)")
  (net 18 "Net-(D17-Pad2)")
  (net 19 "Net-(D18-Pad2)")
  (net 20 "Net-(D19-Pad2)")
  (net 21 WS2812)
  (net 22 WS2812U)
  (net 23 +3V8)
  (net 24 VLED)
  (net 25 D-)
  (net 26 D+)
  (net 27 "Net-(C11-Pad2)")
  (net 28 "Net-(C11-Pad1)")
  (net 29 VUSB)
  (net 30 NRST)
  (net 31 SWC)
  (net 32 SWD)
  (net 33 PF0)
  (net 34 PF1)
  (net 35 PA4)
  (net 36 PA5)
  (net 37 PA6)
  (net 38 "Net-(R1-Pad1)")
  (net 39 "Net-(R3-Pad2)")
  (net 40 "Net-(T0-Pad1)")
  (net 41 "Net-(T1-Pad1)")
  (net 42 "Net-(T2-Pad1)")
  (net 43 WS2812UM)
  (net 44 AUX)
  (net 45 AUXU)
  (net 46 AUXGND)
  (net 47 AUXEXTRA)
  (net 48 AUXVCC)
  (net 49 "Net-(J5-Pad1)")
  (net 50 "Net-(J5-Pad3)")
  (net 51 "Net-(J5-Pad5)")
  (net 52 ANA_ADC)
  (net 53 ASDA)
  (net 54 ASCL)

  (net_class Default "This is the default net class."
    (clearance 0.199)
    (trace_width 0.3)
    (via_dia 0.8)
    (via_drill 0.4)
    (uvia_dia 0.3)
    (uvia_drill 0.1)
    (diff_pair_width 0.3)
    (diff_pair_gap 0.25)
    (add_net +3V8)
    (add_net ANA_ADC)
    (add_net ASCL)
    (add_net ASDA)
    (add_net AUX)
    (add_net AUXEXTRA)
    (add_net AUXGND)
    (add_net AUXU)
    (add_net AUXVCC)
    (add_net D+)
    (add_net D-)
    (add_net GND)
    (add_net NRST)
    (add_net "Net-(C11-Pad1)")
    (add_net "Net-(C11-Pad2)")
    (add_net "Net-(D1-Pad2)")
    (add_net "Net-(D1-Pad4)")
    (add_net "Net-(D10-Pad2)")
    (add_net "Net-(D10-Pad4)")
    (add_net "Net-(D11-Pad2)")
    (add_net "Net-(D12-Pad2)")
    (add_net "Net-(D13-Pad2)")
    (add_net "Net-(D14-Pad2)")
    (add_net "Net-(D15-Pad2)")
    (add_net "Net-(D16-Pad2)")
    (add_net "Net-(D17-Pad2)")
    (add_net "Net-(D18-Pad2)")
    (add_net "Net-(D19-Pad2)")
    (add_net "Net-(D2-Pad2)")
    (add_net "Net-(D4-Pad2)")
    (add_net "Net-(D5-Pad2)")
    (add_net "Net-(D6-Pad2)")
    (add_net "Net-(D7-Pad2)")
    (add_net "Net-(D8-Pad2)")
    (add_net "Net-(J5-Pad1)")
    (add_net "Net-(J5-Pad3)")
    (add_net "Net-(J5-Pad5)")
    (add_net "Net-(R1-Pad1)")
    (add_net "Net-(R3-Pad2)")
    (add_net "Net-(T0-Pad1)")
    (add_net "Net-(T1-Pad1)")
    (add_net "Net-(T2-Pad1)")
    (add_net PA4)
    (add_net PA5)
    (add_net PA6)
    (add_net PF0)
    (add_net PF1)
    (add_net SWC)
    (add_net SWD)
    (add_net VLED)
    (add_net VUSB)
    (add_net WS2812)
    (add_net WS2812U)
    (add_net WS2812UM)
  )

  (module kicad:TOUCH_MARK (layer F.Cu) (tedit 5DB14151) (tstamp 5E02EA4B)
    (at 82.75 58.425)
    (path /5E0D313A)
    (fp_text reference T2 (at 0 0.5) (layer F.SilkS)
      (effects (font (size 1 1) (thickness 0.15)))
    )
    (fp_text value TOUCH2 (at 0 -0.5) (layer F.Fab)
      (effects (font (size 1 1) (thickness 0.15)))
    )
    (pad 1 smd roundrect (at 0.05 0.075 45) (size 6 6) (layers F.Cu) (roundrect_rratio 0.2)
      (net 42 "Net-(T2-Pad1)"))
  )

  (module kicad:RIBBON6SMT_POGO_OR_IDC (layer F.Cu) (tedit 5E028E67) (tstamp 5E02E9EC)
    (at 72 57.5 285)
    (path /5E13D9F2)
    (fp_text reference J3 (at -2.857843 6.222357 15) (layer F.SilkS)
      (effects (font (size 1 1) (thickness 0.15)))
    )
    (fp_text value EXTCTL (at -4.460165 4.861268 15) (layer F.SilkS)
      (effects (font (size 1 1) (thickness 0.15)))
    )
    (pad 2 smd rect (at -2.54 -2.54 285) (size 1.651 4.191) (layers F.Cu F.Paste F.Mask)
      (net 34 PF1))
    (pad 4 smd rect (at 0 -2.54 285) (size 1.651 4.191) (layers F.Cu F.Paste F.Mask)
      (net 33 PF0))
    (pad 6 smd rect (at 2.54 -2.54 285) (size 1.651 4.191) (layers F.Cu F.Paste F.Mask)
      (net 1 GND))
    (pad 1 smd oval (at -2.54 2.54 285) (size 1.651 4.191) (layers F.Cu F.Paste F.Mask)
      (net 35 PA4))
    (pad 3 smd rect (at 0 2.54 285) (size 1.651 4.191) (layers F.Cu F.Paste F.Mask)
      (net 36 PA5))
    (pad 5 smd rect (at 2.54 2.54 285) (size 1.651 4.191) (layers F.Cu F.Paste F.Mask)
      (net 37 PA6))
  )

  (module Capacitor_SMD:C_0805_2012Metric_Pad1.15x1.40mm_HandSolder (layer F.Cu) (tedit 5B36C52B) (tstamp 5E022E68)
    (at 19.3 93.6 180)
    (descr "Capacitor SMD 0805 (2012 Metric), square (rectangular) end terminal, IPC_7351 nominal with elongated pad for handsoldering. (Body size source: https://docs.google.com/spreadsheets/d/1BsfQQcO9C6DZCsRaXUlFlo91Tg2WpOkGARC1WS5S8t0/edit?usp=sharing), generated with kicad-footprint-generator")
    (tags "capacitor handsolder")
    (path /5E531279)
    (attr smd)
    (fp_text reference C1 (at 0 -1.65) (layer F.SilkS)
      (effects (font (size 1 1) (thickness 0.15)))
    )
    (fp_text value 22nF (at 0 1.65) (layer F.SilkS)
      (effects (font (size 1 1) (thickness 0.15)))
    )
    (fp_line (start -1 0.6) (end -1 -0.6) (layer F.Fab) (width 0.1))
    (fp_line (start -1 -0.6) (end 1 -0.6) (layer F.Fab) (width 0.1))
    (fp_line (start 1 -0.6) (end 1 0.6) (layer F.Fab) (width 0.1))
    (fp_line (start 1 0.6) (end -1 0.6) (layer F.Fab) (width 0.1))
    (fp_line (start -0.261252 -0.71) (end 0.261252 -0.71) (layer F.SilkS) (width 0.12))
    (fp_line (start -0.261252 0.71) (end 0.261252 0.71) (layer F.SilkS) (width 0.12))
    (fp_line (start -1.85 0.95) (end -1.85 -0.95) (layer F.CrtYd) (width 0.05))
    (fp_line (start -1.85 -0.95) (end 1.85 -0.95) (layer F.CrtYd) (width 0.05))
    (fp_line (start 1.85 -0.95) (end 1.85 0.95) (layer F.CrtYd) (width 0.05))
    (fp_line (start 1.85 0.95) (end -1.85 0.95) (layer F.CrtYd) (width 0.05))
    (fp_text user %R (at 0 0) (layer F.Fab)
      (effects (font (size 1 1) (thickness 0.15)))
    )
    (pad 1 smd roundrect (at -1.025 0 180) (size 1.15 1.4) (layers F.Cu F.Paste F.Mask) (roundrect_rratio 0.217391)
      (net 24 VLED))
    (pad 2 smd roundrect (at 1.025 0 180) (size 1.15 1.4) (layers F.Cu F.Paste F.Mask) (roundrect_rratio 0.217391)
      (net 1 GND))
    (model ${KISYS3DMOD}/Capacitor_SMD.3dshapes/C_0805_2012Metric.wrl
      (at (xyz 0 0 0))
      (scale (xyz 1 1 1))
      (rotate (xyz 0 0 0))
    )
  )

  (module Capacitor_SMD:C_0805_2012Metric_Pad1.15x1.40mm_HandSolder (layer F.Cu) (tedit 5B36C52B) (tstamp 5E022E79)
    (at 93.275216 52.724784 45)
    (descr "Capacitor SMD 0805 (2012 Metric), square (rectangular) end terminal, IPC_7351 nominal with elongated pad for handsoldering. (Body size source: https://docs.google.com/spreadsheets/d/1BsfQQcO9C6DZCsRaXUlFlo91Tg2WpOkGARC1WS5S8t0/edit?usp=sharing), generated with kicad-footprint-generator")
    (tags "capacitor handsolder")
    (path /5E532390)
    (attr smd)
    (fp_text reference C2 (at 0 -1.65 45) (layer F.SilkS)
      (effects (font (size 1 1) (thickness 0.15)))
    )
    (fp_text value 22nF (at 0 1.65 45) (layer F.SilkS)
      (effects (font (size 1 1) (thickness 0.15)))
    )
    (fp_text user %R (at 0 0 45) (layer F.Fab)
      (effects (font (size 1 1) (thickness 0.15)))
    )
    (fp_line (start 1.85 0.95) (end -1.85 0.95) (layer F.CrtYd) (width 0.05))
    (fp_line (start 1.85 -0.95) (end 1.85 0.95) (layer F.CrtYd) (width 0.05))
    (fp_line (start -1.85 -0.95) (end 1.85 -0.95) (layer F.CrtYd) (width 0.05))
    (fp_line (start -1.85 0.95) (end -1.85 -0.95) (layer F.CrtYd) (width 0.05))
    (fp_line (start -0.261252 0.71) (end 0.261252 0.71) (layer F.SilkS) (width 0.12))
    (fp_line (start -0.261252 -0.71) (end 0.261252 -0.71) (layer F.SilkS) (width 0.12))
    (fp_line (start 1 0.6) (end -1 0.6) (layer F.Fab) (width 0.1))
    (fp_line (start 1 -0.6) (end 1 0.6) (layer F.Fab) (width 0.1))
    (fp_line (start -1 -0.6) (end 1 -0.6) (layer F.Fab) (width 0.1))
    (fp_line (start -1 0.6) (end -1 -0.6) (layer F.Fab) (width 0.1))
    (pad 2 smd roundrect (at 1.025 0 45) (size 1.15 1.4) (layers F.Cu F.Paste F.Mask) (roundrect_rratio 0.217391)
      (net 1 GND))
    (pad 1 smd roundrect (at -1.025 0 45) (size 1.15 1.4) (layers F.Cu F.Paste F.Mask) (roundrect_rratio 0.217391)
      (net 24 VLED))
    (model ${KISYS3DMOD}/Capacitor_SMD.3dshapes/C_0805_2012Metric.wrl
      (at (xyz 0 0 0))
      (scale (xyz 1 1 1))
      (rotate (xyz 0 0 0))
    )
  )

  (module Capacitor_SMD:C_0805_2012Metric_Pad1.15x1.40mm_HandSolder (layer F.Cu) (tedit 5B36C52B) (tstamp 5E022E8A)
    (at 68.5 47.05 90)
    (descr "Capacitor SMD 0805 (2012 Metric), square (rectangular) end terminal, IPC_7351 nominal with elongated pad for handsoldering. (Body size source: https://docs.google.com/spreadsheets/d/1BsfQQcO9C6DZCsRaXUlFlo91Tg2WpOkGARC1WS5S8t0/edit?usp=sharing), generated with kicad-footprint-generator")
    (tags "capacitor handsolder")
    (path /5E532D66)
    (attr smd)
    (fp_text reference C3 (at 0 -1.65 90) (layer F.SilkS)
      (effects (font (size 1 1) (thickness 0.15)))
    )
    (fp_text value 22nF (at 0 1.65 90) (layer F.SilkS)
      (effects (font (size 1 1) (thickness 0.15)))
    )
    (fp_line (start -1 0.6) (end -1 -0.6) (layer F.Fab) (width 0.1))
    (fp_line (start -1 -0.6) (end 1 -0.6) (layer F.Fab) (width 0.1))
    (fp_line (start 1 -0.6) (end 1 0.6) (layer F.Fab) (width 0.1))
    (fp_line (start 1 0.6) (end -1 0.6) (layer F.Fab) (width 0.1))
    (fp_line (start -0.261252 -0.71) (end 0.261252 -0.71) (layer F.SilkS) (width 0.12))
    (fp_line (start -0.261252 0.71) (end 0.261252 0.71) (layer F.SilkS) (width 0.12))
    (fp_line (start -1.85 0.95) (end -1.85 -0.95) (layer F.CrtYd) (width 0.05))
    (fp_line (start -1.85 -0.95) (end 1.85 -0.95) (layer F.CrtYd) (width 0.05))
    (fp_line (start 1.85 -0.95) (end 1.85 0.95) (layer F.CrtYd) (width 0.05))
    (fp_line (start 1.85 0.95) (end -1.85 0.95) (layer F.CrtYd) (width 0.05))
    (fp_text user %R (at 0 0 90) (layer F.Fab)
      (effects (font (size 1 1) (thickness 0.15)))
    )
    (pad 1 smd roundrect (at -1.025 0 90) (size 1.15 1.4) (layers F.Cu F.Paste F.Mask) (roundrect_rratio 0.217391)
      (net 24 VLED))
    (pad 2 smd roundrect (at 1.025 0 90) (size 1.15 1.4) (layers F.Cu F.Paste F.Mask) (roundrect_rratio 0.217391)
      (net 1 GND))
    (model ${KISYS3DMOD}/Capacitor_SMD.3dshapes/C_0805_2012Metric.wrl
      (at (xyz 0 0 0))
      (scale (xyz 1 1 1))
      (rotate (xyz 0 0 0))
    )
  )

  (module Capacitor_SMD:C_0805_2012Metric_Pad1.15x1.40mm_HandSolder (layer F.Cu) (tedit 5B36C52B) (tstamp 5E022E9B)
    (at 52.8 99.1 315)
    (descr "Capacitor SMD 0805 (2012 Metric), square (rectangular) end terminal, IPC_7351 nominal with elongated pad for handsoldering. (Body size source: https://docs.google.com/spreadsheets/d/1BsfQQcO9C6DZCsRaXUlFlo91Tg2WpOkGARC1WS5S8t0/edit?usp=sharing), generated with kicad-footprint-generator")
    (tags "capacitor handsolder")
    (path /5E5336DD)
    (attr smd)
    (fp_text reference C4 (at 0 -1.65 135) (layer F.SilkS)
      (effects (font (size 1 1) (thickness 0.15)))
    )
    (fp_text value 22nF (at 0 1.65 135) (layer F.SilkS)
      (effects (font (size 1 1) (thickness 0.15)))
    )
    (fp_text user %R (at 0 0 135) (layer F.Fab)
      (effects (font (size 1 1) (thickness 0.15)))
    )
    (fp_line (start 1.85 0.95) (end -1.85 0.95) (layer F.CrtYd) (width 0.05))
    (fp_line (start 1.85 -0.95) (end 1.85 0.95) (layer F.CrtYd) (width 0.05))
    (fp_line (start -1.85 -0.95) (end 1.85 -0.95) (layer F.CrtYd) (width 0.05))
    (fp_line (start -1.85 0.95) (end -1.85 -0.95) (layer F.CrtYd) (width 0.05))
    (fp_line (start -0.261252 0.71) (end 0.261252 0.71) (layer F.SilkS) (width 0.12))
    (fp_line (start -0.261252 -0.71) (end 0.261252 -0.71) (layer F.SilkS) (width 0.12))
    (fp_line (start 1 0.6) (end -1 0.6) (layer F.Fab) (width 0.1))
    (fp_line (start 1 -0.6) (end 1 0.6) (layer F.Fab) (width 0.1))
    (fp_line (start -1 -0.6) (end 1 -0.6) (layer F.Fab) (width 0.1))
    (fp_line (start -1 0.6) (end -1 -0.6) (layer F.Fab) (width 0.1))
    (pad 2 smd roundrect (at 1.025 0 315) (size 1.15 1.4) (layers F.Cu F.Paste F.Mask) (roundrect_rratio 0.217391)
      (net 1 GND))
    (pad 1 smd roundrect (at -1.025 0 315) (size 1.15 1.4) (layers F.Cu F.Paste F.Mask) (roundrect_rratio 0.217391)
      (net 24 VLED))
    (model ${KISYS3DMOD}/Capacitor_SMD.3dshapes/C_0805_2012Metric.wrl
      (at (xyz 0 0 0))
      (scale (xyz 1 1 1))
      (rotate (xyz 0 0 0))
    )
  )

  (module Capacitor_SMD:C_0805_2012Metric_Pad1.15x1.40mm_HandSolder (layer F.Cu) (tedit 5B36C52B) (tstamp 5E022EAC)
    (at 41.425216 22.824784 70)
    (descr "Capacitor SMD 0805 (2012 Metric), square (rectangular) end terminal, IPC_7351 nominal with elongated pad for handsoldering. (Body size source: https://docs.google.com/spreadsheets/d/1BsfQQcO9C6DZCsRaXUlFlo91Tg2WpOkGARC1WS5S8t0/edit?usp=sharing), generated with kicad-footprint-generator")
    (tags "capacitor handsolder")
    (path /5E533FE9)
    (attr smd)
    (fp_text reference C5 (at 0 -1.65 70) (layer F.SilkS)
      (effects (font (size 1 1) (thickness 0.15)))
    )
    (fp_text value 22nF (at 0 1.65 70) (layer F.SilkS)
      (effects (font (size 1 1) (thickness 0.15)))
    )
    (fp_line (start -1 0.6) (end -1 -0.6) (layer F.Fab) (width 0.1))
    (fp_line (start -1 -0.6) (end 1 -0.6) (layer F.Fab) (width 0.1))
    (fp_line (start 1 -0.6) (end 1 0.6) (layer F.Fab) (width 0.1))
    (fp_line (start 1 0.6) (end -1 0.6) (layer F.Fab) (width 0.1))
    (fp_line (start -0.261252 -0.71) (end 0.261252 -0.71) (layer F.SilkS) (width 0.12))
    (fp_line (start -0.261252 0.71) (end 0.261252 0.71) (layer F.SilkS) (width 0.12))
    (fp_line (start -1.85 0.95) (end -1.85 -0.95) (layer F.CrtYd) (width 0.05))
    (fp_line (start -1.85 -0.95) (end 1.85 -0.95) (layer F.CrtYd) (width 0.05))
    (fp_line (start 1.85 -0.95) (end 1.85 0.95) (layer F.CrtYd) (width 0.05))
    (fp_line (start 1.85 0.95) (end -1.85 0.95) (layer F.CrtYd) (width 0.05))
    (fp_text user %R (at 0 0 70) (layer F.Fab)
      (effects (font (size 1 1) (thickness 0.15)))
    )
    (pad 1 smd roundrect (at -1.025 0 70) (size 1.15 1.4) (layers F.Cu F.Paste F.Mask) (roundrect_rratio 0.217391)
      (net 24 VLED))
    (pad 2 smd roundrect (at 1.025 0 70) (size 1.15 1.4) (layers F.Cu F.Paste F.Mask) (roundrect_rratio 0.217391)
      (net 1 GND))
    (model ${KISYS3DMOD}/Capacitor_SMD.3dshapes/C_0805_2012Metric.wrl
      (at (xyz 0 0 0))
      (scale (xyz 1 1 1))
      (rotate (xyz 0 0 0))
    )
  )

  (module Capacitor_SMD:C_0805_2012Metric_Pad1.15x1.40mm_HandSolder (layer F.Cu) (tedit 5B36C52B) (tstamp 5E022EBD)
    (at 92.974784 77.724784 315)
    (descr "Capacitor SMD 0805 (2012 Metric), square (rectangular) end terminal, IPC_7351 nominal with elongated pad for handsoldering. (Body size source: https://docs.google.com/spreadsheets/d/1BsfQQcO9C6DZCsRaXUlFlo91Tg2WpOkGARC1WS5S8t0/edit?usp=sharing), generated with kicad-footprint-generator")
    (tags "capacitor handsolder")
    (path /5E534B3A)
    (attr smd)
    (fp_text reference C6 (at 0.979648 -2.237993 135) (layer F.SilkS)
      (effects (font (size 1 1) (thickness 0.15)))
    )
    (fp_text value 22nF (at 0 1.65 135) (layer F.SilkS)
      (effects (font (size 1 1) (thickness 0.15)))
    )
    (fp_text user %R (at 0 0 135) (layer F.Fab)
      (effects (font (size 1 1) (thickness 0.15)))
    )
    (fp_line (start 1.85 0.95) (end -1.85 0.95) (layer F.CrtYd) (width 0.05))
    (fp_line (start 1.85 -0.95) (end 1.85 0.95) (layer F.CrtYd) (width 0.05))
    (fp_line (start -1.85 -0.95) (end 1.85 -0.95) (layer F.CrtYd) (width 0.05))
    (fp_line (start -1.85 0.95) (end -1.85 -0.95) (layer F.CrtYd) (width 0.05))
    (fp_line (start -0.261252 0.71) (end 0.261252 0.71) (layer F.SilkS) (width 0.12))
    (fp_line (start -0.261252 -0.71) (end 0.261252 -0.71) (layer F.SilkS) (width 0.12))
    (fp_line (start 1 0.6) (end -1 0.6) (layer F.Fab) (width 0.1))
    (fp_line (start 1 -0.6) (end 1 0.6) (layer F.Fab) (width 0.1))
    (fp_line (start -1 -0.6) (end 1 -0.6) (layer F.Fab) (width 0.1))
    (fp_line (start -1 0.6) (end -1 -0.6) (layer F.Fab) (width 0.1))
    (pad 2 smd roundrect (at 1.025 0 315) (size 1.15 1.4) (layers F.Cu F.Paste F.Mask) (roundrect_rratio 0.217391)
      (net 1 GND))
    (pad 1 smd roundrect (at -1.025 0 315) (size 1.15 1.4) (layers F.Cu F.Paste F.Mask) (roundrect_rratio 0.217391)
      (net 24 VLED))
    (model ${KISYS3DMOD}/Capacitor_SMD.3dshapes/C_0805_2012Metric.wrl
      (at (xyz 0 0 0))
      (scale (xyz 1 1 1))
      (rotate (xyz 0 0 0))
    )
  )

  (module Capacitor_SMD:C_0805_2012Metric_Pad1.15x1.40mm_HandSolder (layer F.Cu) (tedit 5B36C52B) (tstamp 5E022ECE)
    (at 80.8 83.45 270)
    (descr "Capacitor SMD 0805 (2012 Metric), square (rectangular) end terminal, IPC_7351 nominal with elongated pad for handsoldering. (Body size source: https://docs.google.com/spreadsheets/d/1BsfQQcO9C6DZCsRaXUlFlo91Tg2WpOkGARC1WS5S8t0/edit?usp=sharing), generated with kicad-footprint-generator")
    (tags "capacitor handsolder")
    (path /5E53552C)
    (attr smd)
    (fp_text reference C7 (at 0 -1.65 90) (layer F.SilkS)
      (effects (font (size 1 1) (thickness 0.15)))
    )
    (fp_text value 22nF (at 0 1.65 90) (layer F.SilkS)
      (effects (font (size 1 1) (thickness 0.15)))
    )
    (fp_line (start -1 0.6) (end -1 -0.6) (layer F.Fab) (width 0.1))
    (fp_line (start -1 -0.6) (end 1 -0.6) (layer F.Fab) (width 0.1))
    (fp_line (start 1 -0.6) (end 1 0.6) (layer F.Fab) (width 0.1))
    (fp_line (start 1 0.6) (end -1 0.6) (layer F.Fab) (width 0.1))
    (fp_line (start -0.261252 -0.71) (end 0.261252 -0.71) (layer F.SilkS) (width 0.12))
    (fp_line (start -0.261252 0.71) (end 0.261252 0.71) (layer F.SilkS) (width 0.12))
    (fp_line (start -1.85 0.95) (end -1.85 -0.95) (layer F.CrtYd) (width 0.05))
    (fp_line (start -1.85 -0.95) (end 1.85 -0.95) (layer F.CrtYd) (width 0.05))
    (fp_line (start 1.85 -0.95) (end 1.85 0.95) (layer F.CrtYd) (width 0.05))
    (fp_line (start 1.85 0.95) (end -1.85 0.95) (layer F.CrtYd) (width 0.05))
    (fp_text user %R (at 0 0 90) (layer F.Fab)
      (effects (font (size 1 1) (thickness 0.15)))
    )
    (pad 1 smd roundrect (at -1.025 0 270) (size 1.15 1.4) (layers F.Cu F.Paste F.Mask) (roundrect_rratio 0.217391)
      (net 24 VLED))
    (pad 2 smd roundrect (at 1.025 0 270) (size 1.15 1.4) (layers F.Cu F.Paste F.Mask) (roundrect_rratio 0.217391)
      (net 1 GND))
    (model ${KISYS3DMOD}/Capacitor_SMD.3dshapes/C_0805_2012Metric.wrl
      (at (xyz 0 0 0))
      (scale (xyz 1 1 1))
      (rotate (xyz 0 0 0))
    )
  )

  (module Capacitor_SMD:C_0805_2012Metric_Pad1.15x1.40mm_HandSolder (layer F.Cu) (tedit 5B36C52B) (tstamp 5E022EDF)
    (at 21 48.45 200)
    (descr "Capacitor SMD 0805 (2012 Metric), square (rectangular) end terminal, IPC_7351 nominal with elongated pad for handsoldering. (Body size source: https://docs.google.com/spreadsheets/d/1BsfQQcO9C6DZCsRaXUlFlo91Tg2WpOkGARC1WS5S8t0/edit?usp=sharing), generated with kicad-footprint-generator")
    (tags "capacitor handsolder")
    (path /5E535EBA)
    (attr smd)
    (fp_text reference C8 (at 0 -1.65 20) (layer F.SilkS)
      (effects (font (size 1 1) (thickness 0.15)))
    )
    (fp_text value 22nF (at 0 1.65 20) (layer F.SilkS)
      (effects (font (size 1 1) (thickness 0.15)))
    )
    (fp_text user %R (at 0 0 20) (layer F.Fab)
      (effects (font (size 1 1) (thickness 0.15)))
    )
    (fp_line (start 1.85 0.95) (end -1.85 0.95) (layer F.CrtYd) (width 0.05))
    (fp_line (start 1.85 -0.95) (end 1.85 0.95) (layer F.CrtYd) (width 0.05))
    (fp_line (start -1.85 -0.95) (end 1.85 -0.95) (layer F.CrtYd) (width 0.05))
    (fp_line (start -1.85 0.95) (end -1.85 -0.95) (layer F.CrtYd) (width 0.05))
    (fp_line (start -0.261252 0.71) (end 0.261252 0.71) (layer F.SilkS) (width 0.12))
    (fp_line (start -0.261252 -0.71) (end 0.261252 -0.71) (layer F.SilkS) (width 0.12))
    (fp_line (start 1 0.6) (end -1 0.6) (layer F.Fab) (width 0.1))
    (fp_line (start 1 -0.6) (end 1 0.6) (layer F.Fab) (width 0.1))
    (fp_line (start -1 -0.6) (end 1 -0.6) (layer F.Fab) (width 0.1))
    (fp_line (start -1 0.6) (end -1 -0.6) (layer F.Fab) (width 0.1))
    (pad 2 smd roundrect (at 1.025 0 200) (size 1.15 1.4) (layers F.Cu F.Paste F.Mask) (roundrect_rratio 0.217391)
      (net 1 GND))
    (pad 1 smd roundrect (at -1.025 0 200) (size 1.15 1.4) (layers F.Cu F.Paste F.Mask) (roundrect_rratio 0.217391)
      (net 24 VLED))
    (model ${KISYS3DMOD}/Capacitor_SMD.3dshapes/C_0805_2012Metric.wrl
      (at (xyz 0 0 0))
      (scale (xyz 1 1 1))
      (rotate (xyz 0 0 0))
    )
  )

  (module Capacitor_SMD:C_0805_2012Metric_Pad1.15x1.40mm_HandSolder (layer F.Cu) (tedit 5B36C52B) (tstamp 5E022EF0)
    (at 55.25 60.5 90)
    (descr "Capacitor SMD 0805 (2012 Metric), square (rectangular) end terminal, IPC_7351 nominal with elongated pad for handsoldering. (Body size source: https://docs.google.com/spreadsheets/d/1BsfQQcO9C6DZCsRaXUlFlo91Tg2WpOkGARC1WS5S8t0/edit?usp=sharing), generated with kicad-footprint-generator")
    (tags "capacitor handsolder")
    (path /5E5134BF)
    (attr smd)
    (fp_text reference C9 (at 0 -1.65 90) (layer F.SilkS)
      (effects (font (size 1 1) (thickness 0.15)))
    )
    (fp_text value 22nF (at -3.75 0 90) (layer F.SilkS)
      (effects (font (size 1 1) (thickness 0.15)))
    )
    (fp_line (start -1 0.6) (end -1 -0.6) (layer F.Fab) (width 0.1))
    (fp_line (start -1 -0.6) (end 1 -0.6) (layer F.Fab) (width 0.1))
    (fp_line (start 1 -0.6) (end 1 0.6) (layer F.Fab) (width 0.1))
    (fp_line (start 1 0.6) (end -1 0.6) (layer F.Fab) (width 0.1))
    (fp_line (start -0.261252 -0.71) (end 0.261252 -0.71) (layer F.SilkS) (width 0.12))
    (fp_line (start -0.261252 0.71) (end 0.261252 0.71) (layer F.SilkS) (width 0.12))
    (fp_line (start -1.85 0.95) (end -1.85 -0.95) (layer F.CrtYd) (width 0.05))
    (fp_line (start -1.85 -0.95) (end 1.85 -0.95) (layer F.CrtYd) (width 0.05))
    (fp_line (start 1.85 -0.95) (end 1.85 0.95) (layer F.CrtYd) (width 0.05))
    (fp_line (start 1.85 0.95) (end -1.85 0.95) (layer F.CrtYd) (width 0.05))
    (fp_text user %R (at 0 0 90) (layer F.Fab)
      (effects (font (size 1 1) (thickness 0.15)))
    )
    (pad 1 smd roundrect (at -1.025 0 90) (size 1.15 1.4) (layers F.Cu F.Paste F.Mask) (roundrect_rratio 0.217391)
      (net 23 +3V8))
    (pad 2 smd roundrect (at 1.025 0 90) (size 1.15 1.4) (layers F.Cu F.Paste F.Mask) (roundrect_rratio 0.217391)
      (net 1 GND))
    (model ${KISYS3DMOD}/Capacitor_SMD.3dshapes/C_0805_2012Metric.wrl
      (at (xyz 0 0 0))
      (scale (xyz 1 1 1))
      (rotate (xyz 0 0 0))
    )
  )

  (module LED_SMD:LED_WS2812B_PLCC4_5.0x5.0mm_P3.2mm (layer F.Cu) (tedit 5AA4B285) (tstamp 5E022F07)
    (at 74.55 47.15 180)
    (descr https://cdn-shop.adafruit.com/datasheets/WS2812B.pdf)
    (tags "LED RGB NeoPixel")
    (path /5E11C057)
    (attr smd)
    (fp_text reference D1 (at 5.05 -2.85) (layer F.SilkS)
      (effects (font (size 1 1) (thickness 0.15)))
    )
    (fp_text value SK6812W (at 0 4) (layer F.Fab)
      (effects (font (size 1 1) (thickness 0.15)))
    )
    (fp_circle (center 0 0) (end 0 -2) (layer F.Fab) (width 0.1))
    (fp_line (start 3.65 2.75) (end 3.65 1.6) (layer F.SilkS) (width 0.12))
    (fp_line (start -3.65 2.75) (end 3.65 2.75) (layer F.SilkS) (width 0.12))
    (fp_line (start -3.65 -2.75) (end 3.65 -2.75) (layer F.SilkS) (width 0.12))
    (fp_line (start 2.5 -2.5) (end -2.5 -2.5) (layer F.Fab) (width 0.1))
    (fp_line (start 2.5 2.5) (end 2.5 -2.5) (layer F.Fab) (width 0.1))
    (fp_line (start -2.5 2.5) (end 2.5 2.5) (layer F.Fab) (width 0.1))
    (fp_line (start -2.5 -2.5) (end -2.5 2.5) (layer F.Fab) (width 0.1))
    (fp_line (start 2.5 1.5) (end 1.5 2.5) (layer F.Fab) (width 0.1))
    (fp_line (start -3.45 -2.75) (end -3.45 2.75) (layer F.CrtYd) (width 0.05))
    (fp_line (start -3.45 2.75) (end 3.45 2.75) (layer F.CrtYd) (width 0.05))
    (fp_line (start 3.45 2.75) (end 3.45 -2.75) (layer F.CrtYd) (width 0.05))
    (fp_line (start 3.45 -2.75) (end -3.45 -2.75) (layer F.CrtYd) (width 0.05))
    (fp_text user %R (at 0 0) (layer F.Fab)
      (effects (font (size 1 1) (thickness 0.15)))
    )
    (fp_text user 1 (at -4.15 -1.6) (layer F.SilkS)
      (effects (font (size 1 1) (thickness 0.15)))
    )
    (pad 1 smd rect (at -2.45 -1.6 180) (size 1.5 1) (layers F.Cu F.Paste F.Mask)
      (net 24 VLED))
    (pad 2 smd rect (at -2.45 1.6 180) (size 1.5 1) (layers F.Cu F.Paste F.Mask)
      (net 2 "Net-(D1-Pad2)"))
    (pad 4 smd rect (at 2.45 -1.6 180) (size 1.5 1) (layers F.Cu F.Paste F.Mask)
      (net 3 "Net-(D1-Pad4)"))
    (pad 3 smd rect (at 2.45 1.6 180) (size 1.5 1) (layers F.Cu F.Paste F.Mask)
      (net 1 GND))
    (model ${KISYS3DMOD}/LED_SMD.3dshapes/LED_WS2812B_PLCC4_5.0x5.0mm_P3.2mm.wrl
      (at (xyz 0 0 0))
      (scale (xyz 1 1 1))
      (rotate (xyz 0 0 0))
    )
  )

  (module LED_SMD:LED_WS2812B_PLCC4_5.0x5.0mm_P3.2mm (layer F.Cu) (tedit 5AA4B285) (tstamp 5E022F1E)
    (at 87.45 49.75 155)
    (descr https://cdn-shop.adafruit.com/datasheets/WS2812B.pdf)
    (tags "LED RGB NeoPixel")
    (path /5E11C05D)
    (attr smd)
    (fp_text reference D2 (at -5.103907 -3.136899 155) (layer F.SilkS)
      (effects (font (size 1 1) (thickness 0.15)))
    )
    (fp_text value SK6812W (at 0 4 155) (layer F.Fab)
      (effects (font (size 1 1) (thickness 0.15)))
    )
    (fp_text user 1 (at -4.15 -1.6 155) (layer F.SilkS)
      (effects (font (size 1 1) (thickness 0.15)))
    )
    (fp_text user %R (at 0 0 155) (layer F.Fab)
      (effects (font (size 1 1) (thickness 0.15)))
    )
    (fp_line (start 3.45 -2.75) (end -3.45 -2.75) (layer F.CrtYd) (width 0.05))
    (fp_line (start 3.45 2.75) (end 3.45 -2.75) (layer F.CrtYd) (width 0.05))
    (fp_line (start -3.45 2.75) (end 3.45 2.75) (layer F.CrtYd) (width 0.05))
    (fp_line (start -3.45 -2.75) (end -3.45 2.75) (layer F.CrtYd) (width 0.05))
    (fp_line (start 2.5 1.5) (end 1.5 2.5) (layer F.Fab) (width 0.1))
    (fp_line (start -2.5 -2.5) (end -2.5 2.5) (layer F.Fab) (width 0.1))
    (fp_line (start -2.5 2.5) (end 2.5 2.5) (layer F.Fab) (width 0.1))
    (fp_line (start 2.5 2.5) (end 2.5 -2.5) (layer F.Fab) (width 0.1))
    (fp_line (start 2.5 -2.5) (end -2.5 -2.5) (layer F.Fab) (width 0.1))
    (fp_line (start -3.65 -2.75) (end 3.65 -2.75) (layer F.SilkS) (width 0.12))
    (fp_line (start -3.65 2.75) (end 3.65 2.75) (layer F.SilkS) (width 0.12))
    (fp_line (start 3.65 2.75) (end 3.65 1.6) (layer F.SilkS) (width 0.12))
    (fp_circle (center 0 0) (end 0 -2) (layer F.Fab) (width 0.1))
    (pad 3 smd rect (at 2.45 1.6 155) (size 1.5 1) (layers F.Cu F.Paste F.Mask)
      (net 1 GND))
    (pad 4 smd rect (at 2.45 -1.6 155) (size 1.5 1) (layers F.Cu F.Paste F.Mask)
      (net 2 "Net-(D1-Pad2)"))
    (pad 2 smd rect (at -2.45 1.6 155) (size 1.5 1) (layers F.Cu F.Paste F.Mask)
      (net 4 "Net-(D2-Pad2)"))
    (pad 1 smd rect (at -2.45 -1.6 155) (size 1.5 1) (layers F.Cu F.Paste F.Mask)
      (net 24 VLED))
    (model ${KISYS3DMOD}/LED_SMD.3dshapes/LED_WS2812B_PLCC4_5.0x5.0mm_P3.2mm.wrl
      (at (xyz 0 0 0))
      (scale (xyz 1 1 1))
      (rotate (xyz 0 0 0))
    )
  )

  (module LED_SMD:LED_WS2812B_PLCC4_5.0x5.0mm_P3.2mm (layer F.Cu) (tedit 5AA4B285) (tstamp 5E022F35)
    (at 97.25 57.85 120)
    (descr https://cdn-shop.adafruit.com/datasheets/WS2812B.pdf)
    (tags "LED RGB NeoPixel")
    (path /5E11C063)
    (attr smd)
    (fp_text reference D3 (at 0 -3.5 120) (layer F.SilkS)
      (effects (font (size 1 1) (thickness 0.15)))
    )
    (fp_text value SK6812W (at 0 4 120) (layer F.Fab)
      (effects (font (size 1 1) (thickness 0.15)))
    )
    (fp_circle (center 0 0) (end 0 -2) (layer F.Fab) (width 0.1))
    (fp_line (start 3.65 2.75) (end 3.65 1.6) (layer F.SilkS) (width 0.12))
    (fp_line (start -3.65 2.75) (end 3.65 2.75) (layer F.SilkS) (width 0.12))
    (fp_line (start -3.65 -2.75) (end 3.65 -2.75) (layer F.SilkS) (width 0.12))
    (fp_line (start 2.5 -2.5) (end -2.5 -2.5) (layer F.Fab) (width 0.1))
    (fp_line (start 2.5 2.5) (end 2.5 -2.5) (layer F.Fab) (width 0.1))
    (fp_line (start -2.5 2.5) (end 2.5 2.5) (layer F.Fab) (width 0.1))
    (fp_line (start -2.5 -2.5) (end -2.5 2.5) (layer F.Fab) (width 0.1))
    (fp_line (start 2.5 1.5) (end 1.5 2.5) (layer F.Fab) (width 0.1))
    (fp_line (start -3.45 -2.75) (end -3.45 2.75) (layer F.CrtYd) (width 0.05))
    (fp_line (start -3.45 2.75) (end 3.45 2.75) (layer F.CrtYd) (width 0.05))
    (fp_line (start 3.45 2.75) (end 3.45 -2.75) (layer F.CrtYd) (width 0.05))
    (fp_line (start 3.45 -2.75) (end -3.45 -2.75) (layer F.CrtYd) (width 0.05))
    (fp_text user %R (at 0 0 120) (layer F.Fab)
      (effects (font (size 1 1) (thickness 0.15)))
    )
    (fp_text user 1 (at -4.15 -1.6 120) (layer F.SilkS)
      (effects (font (size 1 1) (thickness 0.15)))
    )
    (pad 1 smd rect (at -2.45 -1.6 120) (size 1.5 1) (layers F.Cu F.Paste F.Mask)
      (net 24 VLED))
    (pad 2 smd rect (at -2.45 1.6 120) (size 1.5 1) (layers F.Cu F.Paste F.Mask))
    (pad 4 smd rect (at 2.45 -1.6 120) (size 1.5 1) (layers F.Cu F.Paste F.Mask)
      (net 4 "Net-(D2-Pad2)"))
    (pad 3 smd rect (at 2.45 1.6 120) (size 1.5 1) (layers F.Cu F.Paste F.Mask)
      (net 1 GND))
    (model ${KISYS3DMOD}/LED_SMD.3dshapes/LED_WS2812B_PLCC4_5.0x5.0mm_P3.2mm.wrl
      (at (xyz 0 0 0))
      (scale (xyz 1 1 1))
      (rotate (xyz 0 0 0))
    )
  )

  (module LED_SMD:LED_WS2812B_PLCC4_5.0x5.0mm_P3.2mm (layer F.Cu) (tedit 5AA4B285) (tstamp 5E022F4C)
    (at 97.25 72.85 60)
    (descr https://cdn-shop.adafruit.com/datasheets/WS2812B.pdf)
    (tags "LED RGB NeoPixel")
    (path /5E0279C7)
    (attr smd)
    (fp_text reference D4 (at 0 -3.5 60) (layer F.SilkS)
      (effects (font (size 1 1) (thickness 0.15)))
    )
    (fp_text value SK6812W (at 0 4 60) (layer F.Fab)
      (effects (font (size 1 1) (thickness 0.15)))
    )
    (fp_text user 1 (at -4.15 -1.6 60) (layer F.SilkS)
      (effects (font (size 1 1) (thickness 0.15)))
    )
    (fp_text user %R (at 0 0 60) (layer F.Fab)
      (effects (font (size 1 1) (thickness 0.15)))
    )
    (fp_line (start 3.45 -2.75) (end -3.45 -2.75) (layer F.CrtYd) (width 0.05))
    (fp_line (start 3.45 2.75) (end 3.45 -2.75) (layer F.CrtYd) (width 0.05))
    (fp_line (start -3.45 2.75) (end 3.45 2.75) (layer F.CrtYd) (width 0.05))
    (fp_line (start -3.45 -2.75) (end -3.45 2.75) (layer F.CrtYd) (width 0.05))
    (fp_line (start 2.5 1.5) (end 1.5 2.5) (layer F.Fab) (width 0.1))
    (fp_line (start -2.5 -2.5) (end -2.5 2.5) (layer F.Fab) (width 0.1))
    (fp_line (start -2.5 2.5) (end 2.5 2.5) (layer F.Fab) (width 0.1))
    (fp_line (start 2.5 2.5) (end 2.5 -2.5) (layer F.Fab) (width 0.1))
    (fp_line (start 2.5 -2.5) (end -2.5 -2.5) (layer F.Fab) (width 0.1))
    (fp_line (start -3.65 -2.75) (end 3.65 -2.75) (layer F.SilkS) (width 0.12))
    (fp_line (start -3.65 2.75) (end 3.65 2.75) (layer F.SilkS) (width 0.12))
    (fp_line (start 3.65 2.75) (end 3.65 1.6) (layer F.SilkS) (width 0.12))
    (fp_circle (center 0 0) (end 0 -2) (layer F.Fab) (width 0.1))
    (pad 3 smd rect (at 2.45 1.6 60) (size 1.5 1) (layers F.Cu F.Paste F.Mask)
      (net 1 GND))
    (pad 4 smd rect (at 2.45 -1.6 60) (size 1.5 1) (layers F.Cu F.Paste F.Mask)
      (net 21 WS2812))
    (pad 2 smd rect (at -2.45 1.6 60) (size 1.5 1) (layers F.Cu F.Paste F.Mask)
      (net 5 "Net-(D4-Pad2)"))
    (pad 1 smd rect (at -2.45 -1.6 60) (size 1.5 1) (layers F.Cu F.Paste F.Mask)
      (net 24 VLED))
    (model ${KISYS3DMOD}/LED_SMD.3dshapes/LED_WS2812B_PLCC4_5.0x5.0mm_P3.2mm.wrl
      (at (xyz 0 0 0))
      (scale (xyz 1 1 1))
      (rotate (xyz 0 0 0))
    )
  )

  (module LED_SMD:LED_WS2812B_PLCC4_5.0x5.0mm_P3.2mm (layer F.Cu) (tedit 5AA4B285) (tstamp 5E022F63)
    (at 87.45 81.3 25)
    (descr https://cdn-shop.adafruit.com/datasheets/WS2812B.pdf)
    (tags "LED RGB NeoPixel")
    (path /5E02A756)
    (attr smd)
    (fp_text reference D5 (at 4.775631 2.204846 25) (layer F.SilkS)
      (effects (font (size 1 1) (thickness 0.15)))
    )
    (fp_text value SK6812W (at 0 4 25) (layer F.Fab)
      (effects (font (size 1 1) (thickness 0.15)))
    )
    (fp_text user 1 (at -4.15 -1.6 25) (layer F.SilkS)
      (effects (font (size 1 1) (thickness 0.15)))
    )
    (fp_text user %R (at 0 0 25) (layer F.Fab)
      (effects (font (size 1 1) (thickness 0.15)))
    )
    (fp_line (start 3.45 -2.75) (end -3.45 -2.75) (layer F.CrtYd) (width 0.05))
    (fp_line (start 3.45 2.75) (end 3.45 -2.75) (layer F.CrtYd) (width 0.05))
    (fp_line (start -3.45 2.75) (end 3.45 2.75) (layer F.CrtYd) (width 0.05))
    (fp_line (start -3.45 -2.75) (end -3.45 2.75) (layer F.CrtYd) (width 0.05))
    (fp_line (start 2.5 1.5) (end 1.5 2.5) (layer F.Fab) (width 0.1))
    (fp_line (start -2.5 -2.5) (end -2.5 2.5) (layer F.Fab) (width 0.1))
    (fp_line (start -2.5 2.5) (end 2.5 2.5) (layer F.Fab) (width 0.1))
    (fp_line (start 2.5 2.5) (end 2.5 -2.5) (layer F.Fab) (width 0.1))
    (fp_line (start 2.5 -2.5) (end -2.5 -2.5) (layer F.Fab) (width 0.1))
    (fp_line (start -3.65 -2.75) (end 3.65 -2.75) (layer F.SilkS) (width 0.12))
    (fp_line (start -3.65 2.75) (end 3.65 2.75) (layer F.SilkS) (width 0.12))
    (fp_line (start 3.65 2.75) (end 3.65 1.6) (layer F.SilkS) (width 0.12))
    (fp_circle (center 0 0) (end 0 -2) (layer F.Fab) (width 0.1))
    (pad 3 smd rect (at 2.45 1.6 25) (size 1.5 1) (layers F.Cu F.Paste F.Mask)
      (net 1 GND))
    (pad 4 smd rect (at 2.45 -1.6 25) (size 1.5 1) (layers F.Cu F.Paste F.Mask)
      (net 5 "Net-(D4-Pad2)"))
    (pad 2 smd rect (at -2.45 1.6 25) (size 1.5 1) (layers F.Cu F.Paste F.Mask)
      (net 6 "Net-(D5-Pad2)"))
    (pad 1 smd rect (at -2.45 -1.6 25) (size 1.5 1) (layers F.Cu F.Paste F.Mask)
      (net 24 VLED))
    (model ${KISYS3DMOD}/LED_SMD.3dshapes/LED_WS2812B_PLCC4_5.0x5.0mm_P3.2mm.wrl
      (at (xyz 0 0 0))
      (scale (xyz 1 1 1))
      (rotate (xyz 0 0 0))
    )
  )

  (module LED_SMD:LED_WS2812B_PLCC4_5.0x5.0mm_P3.2mm (layer F.Cu) (tedit 5AA4B285) (tstamp 5E022F7A)
    (at 74.35 83.4)
    (descr https://cdn-shop.adafruit.com/datasheets/WS2812B.pdf)
    (tags "LED RGB NeoPixel")
    (path /5E02B2CE)
    (attr smd)
    (fp_text reference D6 (at -5.12 0.84) (layer F.SilkS)
      (effects (font (size 1 1) (thickness 0.15)))
    )
    (fp_text value SK6812W (at 0 4) (layer F.Fab)
      (effects (font (size 1 1) (thickness 0.15)))
    )
    (fp_circle (center 0 0) (end 0 -2) (layer F.Fab) (width 0.1))
    (fp_line (start 3.65 2.75) (end 3.65 1.6) (layer F.SilkS) (width 0.12))
    (fp_line (start -3.65 2.75) (end 3.65 2.75) (layer F.SilkS) (width 0.12))
    (fp_line (start -3.65 -2.75) (end 3.65 -2.75) (layer F.SilkS) (width 0.12))
    (fp_line (start 2.5 -2.5) (end -2.5 -2.5) (layer F.Fab) (width 0.1))
    (fp_line (start 2.5 2.5) (end 2.5 -2.5) (layer F.Fab) (width 0.1))
    (fp_line (start -2.5 2.5) (end 2.5 2.5) (layer F.Fab) (width 0.1))
    (fp_line (start -2.5 -2.5) (end -2.5 2.5) (layer F.Fab) (width 0.1))
    (fp_line (start 2.5 1.5) (end 1.5 2.5) (layer F.Fab) (width 0.1))
    (fp_line (start -3.45 -2.75) (end -3.45 2.75) (layer F.CrtYd) (width 0.05))
    (fp_line (start -3.45 2.75) (end 3.45 2.75) (layer F.CrtYd) (width 0.05))
    (fp_line (start 3.45 2.75) (end 3.45 -2.75) (layer F.CrtYd) (width 0.05))
    (fp_line (start 3.45 -2.75) (end -3.45 -2.75) (layer F.CrtYd) (width 0.05))
    (fp_text user %R (at 0 0) (layer F.Fab)
      (effects (font (size 1 1) (thickness 0.15)))
    )
    (fp_text user 1 (at -4.15 -1.6) (layer F.SilkS)
      (effects (font (size 1 1) (thickness 0.15)))
    )
    (pad 1 smd rect (at -2.45 -1.6) (size 1.5 1) (layers F.Cu F.Paste F.Mask)
      (net 24 VLED))
    (pad 2 smd rect (at -2.45 1.6) (size 1.5 1) (layers F.Cu F.Paste F.Mask)
      (net 7 "Net-(D6-Pad2)"))
    (pad 4 smd rect (at 2.45 -1.6) (size 1.5 1) (layers F.Cu F.Paste F.Mask)
      (net 6 "Net-(D5-Pad2)"))
    (pad 3 smd rect (at 2.45 1.6) (size 1.5 1) (layers F.Cu F.Paste F.Mask)
      (net 1 GND))
    (model ${KISYS3DMOD}/LED_SMD.3dshapes/LED_WS2812B_PLCC4_5.0x5.0mm_P3.2mm.wrl
      (at (xyz 0 0 0))
      (scale (xyz 1 1 1))
      (rotate (xyz 0 0 0))
    )
  )

  (module LED_SMD:LED_WS2812B_PLCC4_5.0x5.0mm_P3.2mm (layer F.Cu) (tedit 5AA4B285) (tstamp 5E022F91)
    (at 62.2 83.8 30)
    (descr https://cdn-shop.adafruit.com/datasheets/WS2812B.pdf)
    (tags "LED RGB NeoPixel")
    (path /5E02BB6B)
    (attr smd)
    (fp_text reference D7 (at 0 -3.5 30) (layer F.SilkS)
      (effects (font (size 1 1) (thickness 0.15)))
    )
    (fp_text value SK6812W (at 0 4 30) (layer F.Fab)
      (effects (font (size 1 1) (thickness 0.15)))
    )
    (fp_text user 1 (at -4.15 -1.6 30) (layer F.SilkS)
      (effects (font (size 1 1) (thickness 0.15)))
    )
    (fp_text user %R (at 0 0 30) (layer F.Fab)
      (effects (font (size 1 1) (thickness 0.15)))
    )
    (fp_line (start 3.45 -2.75) (end -3.45 -2.75) (layer F.CrtYd) (width 0.05))
    (fp_line (start 3.45 2.75) (end 3.45 -2.75) (layer F.CrtYd) (width 0.05))
    (fp_line (start -3.45 2.75) (end 3.45 2.75) (layer F.CrtYd) (width 0.05))
    (fp_line (start -3.45 -2.75) (end -3.45 2.75) (layer F.CrtYd) (width 0.05))
    (fp_line (start 2.5 1.5) (end 1.5 2.5) (layer F.Fab) (width 0.1))
    (fp_line (start -2.5 -2.5) (end -2.5 2.5) (layer F.Fab) (width 0.1))
    (fp_line (start -2.5 2.5) (end 2.5 2.5) (layer F.Fab) (width 0.1))
    (fp_line (start 2.5 2.5) (end 2.5 -2.5) (layer F.Fab) (width 0.1))
    (fp_line (start 2.5 -2.5) (end -2.5 -2.5) (layer F.Fab) (width 0.1))
    (fp_line (start -3.65 -2.75) (end 3.65 -2.75) (layer F.SilkS) (width 0.12))
    (fp_line (start -3.65 2.75) (end 3.65 2.75) (layer F.SilkS) (width 0.12))
    (fp_line (start 3.65 2.75) (end 3.65 1.6) (layer F.SilkS) (width 0.12))
    (fp_circle (center 0 0) (end 0 -2) (layer F.Fab) (width 0.1))
